1.200000e+00	0.000000e+00	1.000000e+00	1.000000e+00	
1.175000e+00	0.000000e+00	1.000000e+00	1.000000e+00	
1.150000e+00	0.000000e+00	1.000000e+00	1.000000e+00	
1.125000e+00	0.000000e+00	1.000000e+00	1.000000e+00	
1.100000e+00	0.000000e+00	1.000000e+00	1.000000e+00	
1.075000e+00	0.000000e+00	1.000000e+00	1.000000e+00	
1.050000e+00	0.000000e+00	1.000000e+00	1.000000e+00	
1.025000e+00	0.000000e+00	1.000000e+00	1.000000e+00	
1.000000e+00	0.000000e+00	1.000000e+00	1.000000e+00	
9.750000e-01	0.000000e+00	1.000000e+00	1.000000e+00	
9.500000e-01	0.000000e+00	1.000000e+00	1.000000e+00	
9.250000e-01	1.965740e+08	1.722426e+09	2.519226e+07	
9.000000e-01	6.213902e+07	5.500000e+08	7.356726e+06	
8.750000e-01	1.267610e+07	4.500000e+08	5.972709e+06	2.228453e+08	2.656355e+09	9.184572e+07	
8.500000e-01	1.701391e+09	2.393258e+09	5.110350e+07	3.741295e+09	4.027450e+09	7.662032e+07	2.736707e+08	5.522668e+09	9.485307e+07	4.639739e+08	5.804894e+09	9.446288e+07	
8.250000e-01	3.453995e+09	2.720422e+09	5.867835e+07	4.217056e+09	4.333915e+09	8.158699e+07	4.840001e+08	5.844041e+09	1.064307e+08	6.125674e+08	6.225095e+09	1.087379e+08	
8.000000e-01	4.599508e+09	3.023927e+09	6.423448e+07	4.493322e+09	4.611176e+09	8.619772e+07	7.398064e+08	6.144170e+09	1.065969e+08	7.523898e+08	6.627056e+09	1.330690e+08	
7.750000e-01	4.652941e+09	3.309947e+09	6.903718e+07	5.120523e+09	4.869293e+09	9.051692e+07	1.006240e+09	6.438053e+09	1.074771e+08	9.695691e+08	7.002406e+09	1.802195e+08	
7.500000e-01	6.716735e+09	3.582256e+09	7.513435e+07	5.008724e+09	5.114710e+09	9.396733e+07	1.286096e+09	6.715966e+09	1.105328e+08	1.158144e+09	7.359604e+09	2.191461e+08	
7.250000e-01	7.472513e+09	3.840392e+09	8.084337e+07	4.549144e+09	5.355317e+09	9.716323e+07	1.587523e+09	6.978245e+09	1.164771e+08	6.810624e+08	7.601536e+09	1.318519e+08	6.388429e+08	7.863584e+09	1.221942e+08	
7.000000e-01	9.669614e+09	4.085884e+09	8.712011e+07	4.088515e+09	5.596706e+09	1.000662e+08	1.833539e+09	7.228766e+09	1.219643e+08	6.983990e+08	7.874600e+09	1.394360e+08	7.643305e+08	8.143495e+09	1.279168e+08	
6.750000e-01	1.192457e+10	4.317413e+09	9.340821e+07	3.261460e+09	5.849805e+09	1.047841e+08	2.037811e+09	7.469502e+09	1.303464e+08	6.958669e+08	8.132033e+09	1.456326e+08	8.970699e+08	8.413576e+09	1.355685e+08	
6.500000e-01	1.398458e+10	4.532852e+09	9.960820e+07	2.514363e+09	6.123275e+09	1.079282e+08	2.197393e+09	7.705242e+09	1.486798e+08	1.693532e+09	8.614480e+09	2.482895e+08	
1.200000e+00	0.000000e+00	1.000000e+00	1.000000e+00	
1.175000e+00	0.000000e+00	1.000000e+00	1.000000e+00	
7.000000e-01	9.669614e+09	4.085884e+09	8.712011e+07	4.088515e+09	5.596706e+09	1.000662e+08	1.833539e+09	7.228766e+09	1.219643e+08	6.983990e+08	7.874600e+09	1.394360e+08	7.643305e+08	8.143495e+09	1.279168e+08	
6.750000e-01	1.192457e+10	4.317413e+09	9.340821e+07	3.261460e+09	5.849805e+09	1.047841e+08	2.037811e+09	7.469502e+09	1.303464e+08	6.958669e+08	8.132033e+09	1.456326e+08	8.970699e+08	8.413576e+09	1.355685e+08	
