#velocity    Tmb
#km/s         K
    83.886    -0.090
    83.809    -0.065
    83.731    -0.039
    83.679    -0.028
    83.601    -0.022
    83.524    -0.010
    83.446     0.004
    83.368     0.015
    83.291     0.024
    83.213     0.009
    83.135    -0.035
    83.057    -0.053
    82.980    -0.011
    82.902     0.031
    82.824     0.045
    82.747     0.067
    82.669     0.079
    82.591     0.057
    82.513     0.040
    82.436     0.057
    82.358     0.090
    82.280     0.108
    82.203     0.104
    82.125     0.097
    82.047     0.083
    81.969     0.053
    81.892     0.035
    81.814     0.048
    81.736     0.065
    81.659     0.079
    81.581     0.111
    81.503     0.133
    81.425     0.087
    81.348     0.005
    81.270    -0.038
    81.192    -0.029
    81.115     0.010
    81.037     0.044
    80.959     0.038
    80.882    -0.003
    80.804    -0.028
    80.726    -0.009
    80.648     0.030
    80.571     0.052
    80.493     0.052
    80.415     0.056
    80.338     0.085
    80.260     0.094
    80.182     0.060
    80.104     0.020
    80.027     0.007
    79.949     0.021
    79.871     0.015
    79.819    -0.039
    79.742    -0.072
    79.664    -0.039
    79.586     0.011
    79.509     0.025
    79.431    -0.001
    79.353    -0.045
    79.276    -0.059
    79.198    -0.023
    79.120     0.025
    79.042     0.038
    78.965     0.017
    78.887    -0.003
    78.809    -0.029
    78.732    -0.072
    78.654    -0.089
    78.576    -0.086
    78.498    -0.095
    78.421    -0.096
    78.343    -0.068
    78.265    -0.015
    78.188     0.026
    78.110    -0.008
    78.032    -0.082
    77.954    -0.106
    77.877    -0.092
    77.799    -0.066
    77.721    -0.022
    77.644     0.010
    77.566     0.024
    77.488     0.034
    77.410     0.022
    77.333    -0.008
    77.255    -0.040
    77.177    -0.065
    77.100    -0.070
    77.022    -0.046
    76.944     0.016
    76.866     0.097
    76.789     0.124
    76.711     0.078
    76.633     0.015
    76.556    -0.022
    76.478    -0.019
    76.400    -0.002
    76.323    -0.012
    76.245    -0.035
    76.167    -0.026
    76.089    -0.012
    76.012    -0.031
    75.934    -0.051
    75.882    -0.052
    75.804    -0.051
    75.727    -0.040
    75.649    -0.013
    75.571     0.007
    75.494     0.006
    75.416     0.001
    75.338     0.024
    75.260     0.041
    75.183     0.001
    75.105    -0.043
    75.027    -0.014
    74.950     0.049
    74.872     0.059
    74.794     0.042
    74.717     0.059
    74.639     0.052
    74.561    -0.025
    74.483    -0.078
    74.406    -0.039
    74.328     0.030
    74.250     0.045
    74.173     0.021
    74.095    -0.002
    74.017    -0.019
    73.939    -0.027
    73.862    -0.027
    73.784    -0.029
    73.706    -0.017
    73.629    -0.005
    73.551    -0.026
    73.473    -0.049
    73.395    -0.038
    73.318    -0.006
    73.240     0.018
    73.162     0.007
    73.085    -0.013
    73.007    -0.005
    72.929     0.014
    72.851     0.013
    72.774    -0.012
    72.696    -0.048
    72.618    -0.073
    72.541    -0.064
    72.463    -0.024
    72.385    -0.015
    72.307    -0.069
    72.230    -0.106
    72.152    -0.074
    72.074    -0.037
    72.023    -0.046
    71.945    -0.080
    71.867    -0.070
    71.789     0.024
    71.712     0.126
    71.634     0.149
    71.556     0.094
    71.479     0.009
    71.401    -0.037
    71.323    -0.033
    71.245    -0.027
    71.168    -0.018
    71.090     0.017
    71.012     0.048
    70.935     0.028
    70.857    -0.037
    70.779    -0.095
    70.701    -0.121
    70.624    -0.098
    70.546    -0.043
    70.468    -0.029
    70.391    -0.066
    70.313    -0.079
    70.235    -0.062
    70.157    -0.066
    70.080    -0.078
    70.002    -0.071
    69.924    -0.054
    69.847    -0.022
    69.769     0.006
    69.691    -0.005
    69.614    -0.016
    69.536     0.011
    69.458     0.027
    69.380     0.002
    69.303    -0.019
    69.225    -0.028
    69.147    -0.049
    69.070    -0.052
    68.992    -0.009
    68.914     0.026
    68.836    -0.001
    68.759    -0.052
    68.681    -0.066
    68.603    -0.046
    68.526    -0.031
    68.448    -0.025
    68.370    -0.006
    68.292     0.019
    68.215     0.023
    68.137    -0.003
    68.085    -0.039
    68.008    -0.055
    67.930    -0.037
    67.852    -0.005
    67.774     0.028
    67.697     0.061
    67.619     0.059
    67.541    -0.003
    67.464    -0.060
    67.386    -0.055
    67.308    -0.052
    67.230    -0.098
    67.153    -0.140
    67.075    -0.142
    66.997    -0.122
    66.920    -0.115
    66.842    -0.114
    66.764    -0.075
    66.686    -0.035
    66.609    -0.044
    66.531    -0.061
    66.453    -0.064
    66.376    -0.066
    66.298    -0.058
    66.220    -0.056
    66.142    -0.075
    66.065    -0.090
    65.987    -0.090
    65.909    -0.077
    65.832    -0.058
    65.754    -0.037
    65.676    -0.010
    65.598     0.002
    65.521    -0.020
    65.443    -0.051
    65.365    -0.069
    65.288    -0.073
    65.210    -0.071
    65.132    -0.076
    65.055    -0.094
    64.977    -0.096
    64.899    -0.074
    64.821    -0.049
    64.744    -0.027
    64.666    -0.008
    64.588     0.000
    64.511    -0.008
    64.433    -0.015
    64.355    -0.001
    64.277     0.007
    64.226    -0.001
    64.148    -0.010
    64.070    -0.027
    63.992    -0.055
    63.915    -0.075
    63.837    -0.068
    63.759    -0.032
    63.682     0.001
    63.604     0.006
    63.526    -0.005
    63.449    -0.018
    63.371    -0.043
    63.293    -0.063
    63.215    -0.075
    63.138    -0.080
    63.060    -0.026
    62.982     0.062
    62.905     0.065
    62.827     0.001
    62.749    -0.022
    62.671    -0.019
    62.594    -0.035
    62.516    -0.025
    62.438     0.033
    62.361     0.079
    62.283     0.078
    62.205     0.073
    62.127     0.093
    62.050     0.093
    61.972     0.047
    61.894     0.019
    61.817     0.037
    61.739     0.043
    61.661     0.032
    61.583     0.054
    61.506     0.083
    61.428     0.084
    61.350     0.087
    61.273     0.101
    61.195     0.105
    61.117     0.112
    61.039     0.134
    60.962     0.138
    60.884     0.082
    60.806     0.003
    60.729    -0.016
    60.651     0.022
    60.573     0.028
    60.496    -0.006
    60.418    -0.019
    60.340     0.014
    60.288     0.069
    60.211     0.108
    60.133     0.117
    60.055     0.121
    59.977     0.132
    59.900     0.145
    59.822     0.154
    59.744     0.146
    59.667     0.108
    59.589     0.055
    59.511     0.023
    59.433     0.022
    59.356     0.048
    59.278     0.071
    59.200     0.056
    59.123     0.038
    59.045     0.061
    58.967     0.097
    58.890     0.123
    58.812     0.155
    58.734     0.189
    58.656     0.205
    58.579     0.197
    58.501     0.163
    58.423     0.128
    58.346     0.128
    58.268     0.152
    58.190     0.168
    58.112     0.166
    58.035     0.169
    57.957     0.212
    57.879     0.265
    57.802     0.268
    57.724     0.221
    57.646     0.170
    57.568     0.135
    57.491     0.119
    57.413     0.133
    57.335     0.157
    57.258     0.149
    57.180     0.102
    57.102     0.061
    57.024     0.051
    56.947     0.034
    56.869    -0.002
    56.791    -0.010
    56.714     0.008
    56.636     0.004
    56.558    -0.016
    56.480    -0.018
    56.403    -0.011
    56.351    -0.010
    56.273    -0.009
    56.196     0.001
    56.118     0.029
    56.040     0.071
    55.962     0.094
    55.885     0.072
    55.807     0.023
    55.729    -0.020
    55.652    -0.060
    55.574    -0.100
    55.496    -0.107
    55.418    -0.079
    55.341    -0.052
    55.263    -0.047
    55.185    -0.041
    55.108    -0.014
    55.030     0.011
    54.952     0.008
    54.874    -0.002
    54.797    -0.004
    54.719    -0.028
    54.641    -0.077
    54.564    -0.107
    54.486    -0.071
    54.408     0.005
    54.331     0.040
    54.253     0.009
    54.175    -0.046
    54.097    -0.077
    54.020    -0.066
    53.942    -0.036
    53.864    -0.032
    53.787    -0.048
    53.709    -0.034
    53.631     0.006
    53.553     0.034
    53.476     0.030
    53.398     0.004
    53.320    -0.013
    53.243    -0.006
    53.165     0.016
    53.087     0.038
    53.009     0.034
    52.932     0.014
    52.854     0.028
    52.776     0.050
    52.699     0.023
    52.621    -0.036
    52.543    -0.096
    52.491    -0.129
    52.414    -0.091
    52.336    -0.019
    52.258     0.003
    52.181    -0.006
    52.103     0.013
    52.025     0.042
    51.947     0.044
    51.870     0.047
    51.792     0.072
    51.714     0.106
    51.637     0.120
    51.559     0.098
    51.481     0.081
    51.403     0.117
    51.326     0.160
    51.248     0.135
    51.170     0.050
    51.093    -0.016
    51.015    -0.015
    50.937     0.025
    50.859     0.069
    50.782     0.111
    50.704     0.136
    50.626     0.135
    50.549     0.122
    50.471     0.099
    50.393     0.062
    50.315     0.040
    50.238     0.050
    50.160     0.086
    50.082     0.131
    50.005     0.132
    49.927     0.084
    49.849     0.032
    49.772     0.002
    49.694     0.012
    49.616     0.072
    49.538     0.130
    49.461     0.137
    49.383     0.128
    49.305     0.137
    49.228     0.134
    49.150     0.104
    49.072     0.092
    48.994     0.120
    48.917     0.140
    48.839     0.127
    48.761     0.116
    48.684     0.131
    48.606     0.147
    48.554     0.147
    48.476     0.155
    48.399     0.169
    48.321     0.155
    48.243     0.126
    48.165     0.119
    48.088     0.130
    48.010     0.135
    47.932     0.139
    47.855     0.143
    47.777     0.132
    47.699     0.130
    47.622     0.156
    47.544     0.171
    47.466     0.143
    47.388     0.090
    47.311     0.042
    47.233     0.029
    47.155     0.038
    47.078     0.036
    47.000     0.027
    46.922     0.011
    46.844    -0.015
    46.767    -0.041
    46.689    -0.060
    46.611    -0.075
    46.534    -0.083
    46.456    -0.086
    46.378    -0.064
    46.300    -0.017
    46.223     0.007
    46.145     0.005
    46.067    -0.014
    45.990    -0.064
    45.912    -0.104
    45.834    -0.088
    45.756    -0.045
    45.679    -0.020
    45.601    -0.020
    45.523    -0.029
    45.446    -0.033
    45.368    -0.021
    45.290     0.001
    45.212     0.004
    45.135    -0.027
    45.057    -0.066
    44.979    -0.058
    44.902     0.010
    44.824     0.059
    44.746     0.056
    44.694     0.053
    44.617     0.033
    44.539    -0.018
    44.461    -0.028
    44.384     0.002
    44.306     0.002
    44.228    -0.040
    44.150    -0.071
    44.073    -0.058
    43.995    -0.036
    43.917    -0.035
    43.840    -0.044
    43.762    -0.051
    43.684    -0.070
    43.606    -0.107
    43.529    -0.132
    43.451    -0.102
    43.373    -0.049
    43.296    -0.037
    43.218    -0.052
    43.140    -0.058
    43.063    -0.074
    42.985    -0.100
    42.907    -0.112
    42.829    -0.112
    42.752    -0.098
    42.674    -0.073
    42.596    -0.070
    42.519    -0.103
    42.441    -0.131
    42.363    -0.125
    42.285    -0.112
    42.208    -0.104
    42.130    -0.087
    42.052    -0.073
    41.975    -0.053
    41.897    -0.029
    41.819    -0.040
    41.741    -0.062
    41.664    -0.053
    41.586    -0.049
    41.508    -0.054
    41.431    -0.024
    41.353     0.020
    41.275     0.038
    41.197     0.024
    41.120    -0.027
    41.042    -0.099
    40.964    -0.127
    40.887    -0.096
    40.809    -0.067
    40.757    -0.052
    40.679    -0.016
    40.602     0.020
    40.524     0.002
    40.446    -0.054
    40.369    -0.099
    40.291    -0.114
    40.213    -0.117
    40.135    -0.127
    40.058    -0.127
    39.980    -0.100
    39.902    -0.059
    39.825    -0.013
    39.747     0.027
    39.669     0.034
    39.591    -0.008
    39.514    -0.083
    39.436    -0.149
    39.358    -0.170
    39.281    -0.128
    39.203    -0.057
    39.125    -0.021
    39.047    -0.024
    38.970    -0.031
    38.892    -0.032
    38.814    -0.037
    38.737    -0.046
    38.659    -0.062
    38.581    -0.088
    38.504    -0.105
    38.426    -0.101
    38.348    -0.083
    38.270    -0.056
    38.193    -0.033
    38.115    -0.020
    38.037     0.002
    37.960     0.053
    37.882     0.103
    37.804     0.100
    37.726     0.065
    37.649     0.042
    37.571    -0.001
    37.493    -0.075
    37.416    -0.116
    37.338    -0.081
    37.260    -0.011
    37.182     0.036
    37.105     0.048
    37.027     0.054
    36.949     0.082
    36.872     0.110
    36.820     0.115
    36.742     0.121
    36.664     0.130
    36.587     0.119
    36.509     0.111
    36.431     0.139
    36.354     0.168
    36.276     0.166
    36.198     0.169
    36.120     0.217
    36.043     0.276
    35.965     0.309
    35.887     0.342
    35.810     0.410
    35.732     0.499
    35.654     0.559
    35.576     0.586
    35.499     0.648
    35.421     0.768
    35.343     0.883
    35.266     0.946
    35.188     0.948
    35.110     0.914
    35.032     0.888
    34.955     0.895
    34.877     0.947
    34.799     1.020
    34.722     1.061
    34.644     1.059
    34.566     1.058
    34.488     1.101
    34.411     1.141
    34.333     1.103
    34.255     1.032
    34.178     1.021
    34.100     1.073
    34.022     1.145
    33.945     1.182
    33.867     1.168
    33.789     1.157
    33.711     1.189
    33.634     1.218
    33.556     1.182
    33.478     1.131
    33.401     1.149
    33.323     1.200
    33.245     1.223
    33.167     1.242
    33.090     1.287
    33.012     1.338
    32.960     1.386
    32.882     1.435
    32.805     1.461
    32.727     1.461
    32.649     1.496
    32.572     1.581
    32.494     1.657
    32.416     1.692
    32.338     1.698
    32.261     1.717
    32.183     1.776
    32.105     1.837
    32.028     1.870
    31.950     1.882
    31.872     1.867
    31.795     1.821
    31.717     1.770
    31.639     1.733
    31.561     1.682
    31.484     1.588
    31.406     1.470
    31.328     1.365
    31.251     1.268
    31.173     1.164
    31.095     1.058
    31.017     0.958
    30.940     0.849
    30.862     0.715
    30.784     0.587
    30.707     0.505
    30.629     0.459
    30.551     0.399
    30.473     0.304
    30.396     0.225
    30.318     0.190
    30.240     0.172
    30.163     0.147
    30.085     0.112
    30.007     0.079
    29.929     0.049
    29.852     0.011
    29.774    -0.036
    29.696    -0.070
    29.619    -0.071
    29.541    -0.055
    29.463    -0.043
    29.386    -0.027
    29.308    -0.011
    29.230    -0.007
    29.152    -0.009
    29.075    -0.027
    29.023    -0.067
    28.945    -0.091
    28.867    -0.063
    28.790    -0.013
    28.712     0.011
    28.634     0.004
    28.557    -0.030
    28.479    -0.085
    28.401    -0.115
    28.323    -0.107
    28.246    -0.082
    28.168    -0.047
    28.090    -0.018
    28.013    -0.007
    27.935    -0.018
    27.857    -0.055
    27.779    -0.075
    27.702    -0.051
    27.624    -0.025
    27.546    -0.031
    27.469    -0.049
    27.391    -0.057
    27.313    -0.051
    27.236    -0.043
    27.158    -0.047
    27.080    -0.065
    27.002    -0.090
    26.925    -0.112
    26.847    -0.109
    26.769    -0.068
    26.692    -0.042
    26.614    -0.072
    26.536    -0.114
    26.458    -0.122
    26.381    -0.102
    26.303    -0.066
    26.225    -0.031
    26.148    -0.036
    26.070    -0.085
    25.992    -0.118
    25.914    -0.097
    25.837    -0.058
    25.759    -0.042
    25.681    -0.041
    25.604    -0.037
    25.526    -0.020
    25.448     0.007
    25.370     0.024
    25.293     0.028
    25.215     0.018
    25.163    -0.027
    25.086    -0.077
    25.008    -0.076
    24.930    -0.035
    24.852    -0.006
    24.775     0.001
    24.697     0.014
    24.619     0.025
    24.542     0.002
    24.464    -0.055
    24.386    -0.107
    24.308    -0.097
    24.231    -0.035
    24.153    -0.008
    24.075    -0.035
    23.998    -0.043
    23.920    -0.014
    23.842     0.009
    23.764     0.004
    23.687    -0.002
    23.609    -0.013
    23.531    -0.059
    23.454    -0.101
    23.376    -0.103
    23.298    -0.092
    23.220    -0.082
    23.143    -0.045
    23.065     0.003
    22.987     0.011
    22.910    -0.025
    22.832    -0.064
    22.754    -0.084
    22.677    -0.074
    22.599    -0.035
    22.521    -0.007
    22.443    -0.030
    22.366    -0.083
    22.288    -0.115
    22.210    -0.113
    22.133    -0.097
    22.055    -0.081
    21.977    -0.082
    21.899    -0.114
    21.822    -0.153
    21.744    -0.158
    21.666    -0.109
    21.589    -0.038
    21.511     0.003
    21.433     0.012
    21.355     0.017
    21.278     0.011
    21.226    -0.032
    21.148    -0.074
    21.071    -0.059
    20.993    -0.023
    20.915    -0.030
    20.837    -0.052
    20.760    -0.040
    20.682    -0.032
    20.604    -0.043
    20.527    -0.040
    20.449    -0.036
    20.371    -0.041
    20.293    -0.036
    20.216    -0.017
    20.138     0.004
    20.060    -0.012
    19.983    -0.057
    19.905    -0.052
    19.827     0.007
    19.749     0.046
    19.672     0.039
    19.594     0.012
    19.516    -0.013
    19.439    -0.021
    19.361     0.035
    19.283     0.146
    19.205     0.198
    19.128     0.158
    19.050     0.096
    18.972     0.055
    18.895     0.041
    18.817     0.074
    18.739     0.129
    18.661     0.137
    18.584     0.102
    18.506     0.073
    18.428     0.068
    18.351     0.073
    18.273     0.071
    18.195     0.074
    18.118     0.092
    18.040     0.090
    17.962     0.061
    17.884     0.056
    17.807     0.086
    17.729     0.113
    17.651     0.126
    17.574     0.130
    17.496     0.117
    17.418     0.110
    17.340     0.123
    17.289     0.117
    17.211     0.085
    17.133     0.074
    17.055     0.082
    16.978     0.077
    16.900     0.083
    16.822     0.111
    16.745     0.123
    16.667     0.129
    16.589     0.158
    16.512     0.178
    16.434     0.173
    16.356     0.185
    16.278     0.223
    16.201     0.234
    16.123     0.203
    16.045     0.161
    15.968     0.132
    15.890     0.120
    15.812     0.149
    15.734     0.212
    15.657     0.233
    15.579     0.193
    15.501     0.160
    15.424     0.158
    15.346     0.158
    15.268     0.154
    15.190     0.146
    15.113     0.141
    15.035     0.136
    14.957     0.116
    14.880     0.096
    14.802     0.091
    14.724     0.081
    14.646     0.052
    14.569     0.013
    14.491    -0.043
    14.413    -0.105
    14.336    -0.123
    14.258    -0.080
    14.180    -0.030
    14.102    -0.011
    14.025    -0.007
    13.947    -0.012
    13.869    -0.030
    13.792    -0.040
    13.714    -0.040
    13.636    -0.029
    13.559    -0.008
    13.481    -0.001
    13.429    -0.024
    13.351    -0.051
    13.274    -0.052
    13.196    -0.039
    13.118    -0.044
    13.040    -0.061
    12.963    -0.059
    12.885    -0.042
    12.807    -0.059
    12.730    -0.101
    12.652    -0.096
    12.574    -0.038
    12.496     0.024
    12.419     0.043
    12.341     0.001
    12.263    -0.048
    12.186    -0.049
    12.108    -0.014
    12.030     0.014
    11.953    -0.008
    11.875    -0.066
    11.797    -0.082
    11.719    -0.031
    11.642     0.026
    11.564     0.036
    11.486     0.012
    11.409    -0.017
    11.331    -0.053
    11.253    -0.080
    11.175    -0.058
    11.098    -0.011
    11.020     0.002
    10.942    -0.014
    10.865    -0.013
    10.787    -0.005
    10.709    -0.039
    10.631    -0.083
    10.554    -0.061
    10.476    -0.008
    10.398    -0.009
    10.321    -0.026
    10.243    -0.005
    10.165    -0.000
    10.087    -0.045
    10.010    -0.067
     9.932    -0.017
     9.854     0.050
     9.777     0.086
     9.699     0.082
     9.621     0.046
     9.543     0.018
     9.492     0.010
     9.414     0.014
     9.336     0.051
     9.259     0.098
     9.181     0.116
     9.103     0.110
     9.025     0.081
     8.948     0.047
     8.870     0.051
     8.792     0.091
     8.715     0.132
     8.637     0.148
     8.559     0.120
     8.481     0.063
     8.404     0.010
     8.326     0.001
     8.248     0.057
     8.171     0.125
     8.093     0.147
     8.015     0.146
     7.937     0.142
     7.860     0.127
     7.782     0.118
     7.704     0.132
     7.627     0.140
     7.549     0.105
     7.471     0.058
     7.393     0.044
     7.316     0.056
     7.238     0.099
     7.160     0.167
     7.083     0.180
     7.005     0.117
     6.927     0.089
     6.850     0.136
     6.772     0.171
     6.694     0.167
     6.616     0.159
     6.539     0.141
     6.461     0.121
     6.383     0.137
     6.306     0.170
     6.228     0.191
     6.150     0.219
     6.072     0.260
     5.995     0.268
     5.917     0.231
     5.839     0.209
     5.762     0.215
     5.684     0.189
     5.632     0.143
     5.554     0.142
     5.477     0.173
     5.399     0.169
     5.321     0.124
     5.244     0.100
     5.166     0.119
     5.088     0.144
     5.010     0.140
     4.933     0.113
     4.855     0.069
     4.777     0.023
     4.700     0.022
     4.622     0.066
     4.544     0.102
     4.466     0.101
     4.389     0.087
     4.311     0.066
     4.233     0.031
     4.156     0.005
     4.078    -0.003
     4.000    -0.028
     3.922    -0.085
     3.845    -0.128
     3.767    -0.114
     3.689    -0.078
     3.612    -0.063
     3.534    -0.059
     3.456    -0.050
     3.378    -0.029
     3.301    -0.011
     3.223     0.006
     3.145     0.025
     3.068     0.004
     2.990    -0.051
     2.912    -0.065
     2.834    -0.053
     2.757    -0.074
     2.679    -0.098
     2.601    -0.087
     2.524    -0.072
     2.446    -0.058
     2.368    -0.030
     2.291    -0.016
     2.213    -0.046
     2.135    -0.089
     2.057    -0.082
     1.980    -0.020
     1.902     0.032
     1.824     0.030
     1.747    -0.006
     1.695    -0.046
     1.617    -0.076
     1.539    -0.069
     1.462    -0.033
     1.384    -0.030
     1.306    -0.065
     1.228    -0.075
     1.151    -0.060
     1.073    -0.075
     0.995    -0.109
     0.918    -0.103
     0.840    -0.050
     0.762    -0.006
     0.685    -0.017
     0.607    -0.052
     0.529    -0.062
     0.451    -0.057
     0.374    -0.066
     0.296    -0.085
     0.218    -0.085
     0.141    -0.061
     0.063    -0.046
    -0.015    -0.040
    -0.093    -0.018
    -0.170     0.010
    -0.248     0.008
    -0.326    -0.025
    -0.403    -0.053
    -0.481    -0.057
    -0.559    -0.038
    -0.637     0.000
    -0.714     0.017
    -0.792    -0.007
    -0.870    -0.028
    -0.947    -0.027
    -1.025    -0.037
    -1.103    -0.068
    -1.181    -0.093
    -1.258    -0.077
    -1.336    -0.028
    -1.414    -0.009
    -1.491    -0.021
    -1.569    -0.003
    -1.647     0.023
    -1.725     0.012
    -1.802    -0.019
    -1.880    -0.033
    -1.958    -0.025
    -2.035    -0.014
    -2.113    -0.010
    -2.165    -0.016
    -2.243    -0.028
    -2.320    -0.028
    -2.398    -0.026
    -2.476    -0.049
    -2.553    -0.071
    -2.631    -0.065
    -2.709    -0.052
    -2.787    -0.053
    -2.864    -0.058
    -2.942    -0.075
    -3.020    -0.113
    -3.097    -0.135
    -3.175    -0.120
    -3.253    -0.106
    -3.331    -0.114
    -3.408    -0.115
    -3.486    -0.097
    -3.564    -0.071
    -3.641    -0.045
    -3.719    -0.025
    -3.797    -0.022
    -3.874    -0.023
    -3.952    -0.001
    -4.030     0.022
    -4.108     0.008
    -4.185    -0.023
    -4.263    -0.049
    -4.341    -0.068
    -4.418    -0.055
    -4.496     0.004
    -4.574     0.065
    -4.652     0.085
    -4.729     0.065
    -4.807     0.023
    -4.885    -0.013
    -4.962    -0.019
    -5.040    -0.015
    -5.118    -0.017
    -5.196     0.001
    -5.273     0.045
    -5.351     0.062
    -5.429     0.017
    -5.506    -0.043
    -5.584    -0.054
    -5.662    -0.022
    -5.740     0.007
    -5.817     0.018
    -5.895     0.018
    -5.973     0.023
    -6.050     0.009
    -6.102    -0.037
    -6.180    -0.052
    -6.258    -0.005
    -6.335     0.030
    -6.413    -0.002
    -6.491    -0.052
    -6.568    -0.059
    -6.646    -0.033
    -6.724    -0.017
    -6.802    -0.013
    -6.879    -0.007
    -6.957    -0.001
    -7.035    -0.015
    -7.112    -0.054
    -7.190    -0.068
    -7.268    -0.027
    -7.346     0.020
    -7.423     0.030
    -7.501     0.019
    -7.579    -0.003
    -7.656    -0.025
    -7.734    -0.018
    -7.812    -0.021
    -7.890    -0.086
    -7.967    -0.149
    -8.045    -0.131
    -8.123    -0.068
    -8.200    -0.013
    -8.278     0.013
    -8.356     0.003
    -8.433    -0.014
    -8.511    -0.010
    -8.589    -0.002
    -8.667    -0.002
    -8.744    -0.000
    -8.822    -0.008
    -8.900    -0.041
    -8.977    -0.075
    -9.055    -0.072
    -9.133    -0.045
    -9.211    -0.020
    -9.288     0.016
    -9.366     0.050
    -9.444     0.050
    -9.521     0.025
    -9.599    -0.004
    -9.677    -0.019
    -9.755    -0.008
    -9.832     0.013
    -9.910     0.024
    -9.988     0.027
   -10.040     0.009
   -10.117    -0.035
   -10.195    -0.068
   -10.273    -0.079
   -10.350    -0.089
   -10.428    -0.097
   -10.506    -0.085
   -10.583    -0.043
   -10.661     0.003
   -10.739     0.018
   -10.817    -0.008
   -10.894    -0.048
   -10.972    -0.060
   -11.050    -0.054
   -11.127    -0.042
   -11.205    -0.008
   -11.283     0.009
   -11.361    -0.033
   -11.438    -0.074
   -11.516    -0.051
   -11.594    -0.018
   -11.671    -0.016
   -11.749    -0.001
   -11.827     0.033
   -11.905     0.040
   -11.982    -0.000
   -12.060    -0.031
   -12.138     0.008
   -12.215     0.071
   -12.293     0.089
   -12.371     0.092
   -12.449     0.103
   -12.526     0.098
   -12.604     0.078
   -12.682     0.063
   -12.759     0.048
   -12.837     0.027
   -12.915     0.019
   -12.992     0.025
   -13.070     0.030
   -13.148     0.038
   -13.226     0.047
   -13.303     0.043
   -13.381     0.033
   -13.459     0.041
   -13.536     0.083
   -13.614     0.130
   -13.692     0.132
   -13.770     0.092
   -13.847     0.051
   -13.899     0.032
   -13.977     0.028
   -14.055     0.015
   -14.132    -0.016
   -14.210    -0.029
   -14.288    -0.013
   -14.365     0.020
   -14.443     0.066
   -14.521     0.074
   -14.599     0.009
   -14.676    -0.057
   -14.754    -0.048
   -14.832     0.009
   -14.909     0.046
   -14.987     0.048
   -15.065     0.019
   -15.142    -0.023
   -15.220    -0.033
   -15.298    -0.016
   -15.376    -0.005
   -15.453     0.005
   -15.531     0.019
   -15.609     0.035
   -15.686     0.058
   -15.764     0.059
   -15.842     0.026
   -15.920    -0.005
   -15.997    -0.015
   -16.075    -0.003
